17.73 12.33 57.37 45.25 15.84 85.12 94.67 62.67 90.10 39.73 46.88 69.16 44.47 85.79 24.53 37.01 62.09 21.01 22.99 31.70 91.61 18.32 80.39 96.26 94.82 76.03 32.31 50.95 55.48 89.38 58.04 41.89 29.59 59.54 48.22 15.30 75.30 60.22 67.60 63.07 70.11 70.18 63.76 61.02 85.54 83.29 61.36 83.15 21.14 82.46 19.32 69.21 79.45 64.70 30.99 82.80 61.45 66.36 75.48 67.37 34.83 43.12 20.40 57.20 45.68 31.47 22.32 88.41 45.36 47.96 80.39 57.47 53.52 54.37 25.85 88.37 77.58 24.89 13.82 23.87 27.59 11.95 18.76 79.68 45.00 23.70 40.69 27.08 70.57 18.51 61.59 92.13 59.03 74.82 61.49 21.77 58.96 93.10 79.42 15.82
51.79 41.03 58.90 95.28 75.75 62.13 94.40 64.74 80.30 72.83 17.78 88.46 66.87 27.80 95.35 80.61 24.89 30.17 57.33 89.90 58.86 44.22 75.12 15.57 82.49 17.25 24.46 81.35 89.02 44.05 68.43 65.69 11.87 15.90 53.60 21.34 66.54 97.44 92.31 88.60 44.90 58.35 88.75 79.67 21.91 43.58 90.30 35.87 54.31 89.96 60.82 43.23 40.83 41.35 57.14 21.78 28.65 97.26 82.28 57.91 13.25 73.46 91.43 92.09 61.93 85.52 29.90 85.66 78.46 29.32 42.23 52.27 10.83 86.79 45.99 86.48 29.43 72.45 56.49 85.34 36.19 21.19 84.04 52.05 73.97 76.58 41.53 54.29 62.92 17.49 60.25 22.91 85.74 53.34 13.88 73.40 18.36 23.46 76.37 79.10
35.76 49.82 24.80 29.32 82.71 10.29 57.99 82.78 92.01 35.36 71.81 94.36 80.81 43.95 10.68 28.24 36.91 94.77 92.79 98.76 24.54 21.76 35.64 14.10 89.65 21.66 97.20 69.34 35.12 94.59 30.50 86.80 57.54 15.47 42.65 25.99 59.42 25.59 71.44 10.86 86.31 40.14 76.69 37.54 19.74 23.83 45.92 35.58 10.65 34.55 83.53 76.98 94.46 65.35 58.57 19.21 86.62 56.76 76.87 68.74 11.53 19.46 25.00 57.77 92.43 55.42 82.78 74.18 23.02 85.44 79.15 88.52 12.55 79.94 75.91 19.91 16.68 71.75 67.48 61.77 30.66 42.78 47.63 93.98 41.57 93.27 65.06 81.64 28.80 46.59 88.38 57.88 75.16 75.65 47.05 85.79 77.41 28.99 63.18 61.83
42.44 42.81 76.49 56.85 97.71 51.85 69.88 33.80 90.18 72.79 32.63 76.02 67.76 69.19 35.75 87.05 23.36 93.80 96.66 80.92 71.57 96.89 72.94 44.09 48.06 38.79 50.64 50.29 69.17 54.23 28.47 98.66 25.35 31.15 24.43 28.86 56.60 75.27 16.67 16.14 19.30 69.70 97.37 40.31 22.51 16.78 12.92 79.03 91.28 29.36 52.10 21.29 97.73 24.59 50.10 45.11 80.04 77.03 30.23 55.02 25.40 98.53 90.70 64.69 77.43 33.69 16.22 61.69 29.77 72.51 49.49 41.57 89.83 89.41 27.81 86.32 87.64 39.81 10.10 22.84 79.11 66.54 21.85 25.27 87.85 82.28 57.39 62.50 71.18 73.61 30.20 79.73 79.52 10.68 82.91 75.54 70.65 55.52 62.63 40.92
17.70 67.90 17.16 32.62 51.13 83.49 91.70 39.87 10.99 71.29 10.22 23.30 78.65 82.29 53.78 88.71 58.50 31.62 19.37 24.67 28.59 57.04 58.45 46.99 35.88 90.28 35.20 64.69 41.93 95.64 48.07 85.74 65.69 67.05 98.46 74.72 91.71 37.79 79.17 57.96 37.17 20.77 52.10 24.57 90.11 81.47 98.74 46.61 64.46 77.84 39.46 80.64 79.21 14.92 67.67 72.61 94.16 84.36 43.50 42.43 85.64 27.82 80.04 79.95 15.12 31.06 41.53 11.31 58.77 52.81 34.88 22.61 73.41 18.71 40.68 87.88 38.96 39.29 28.97 78.54 96.65 89.77 32.31 55.03 12.42 50.67 97.76 90.46 66.08 41.47 72.16 90.35 88.10 83.77 44.35 62.36 24.99 86.86 75.08 55.85
29.36 42.49 97.47 21.86 50.10 73.72 74.46 60.35 15.21 48.54 74.48 50.95 76.39 62.25 19.65 21.95 53.21 83.70 34.20 49.17 44.47 97.47 96.86 80.22 44.44 72.57 12.26 21.92 68.62 65.33 35.64 44.24 93.15 76.51 52.33 87.50 33.38 84.54 98.04 74.39 48.68 61.91 78.87 89.74 86.73 50.27 10.56 83.87 38.25 78.38 38.46 65.12 23.57 65.68 29.16 50.18 67.04 59.90 83.58 71.31 25.18 83.65 21.78 42.64 81.12 57.90 78.34 55.91 12.06 75.75 27.04 77.15 18.34 87.93 68.50 27.16 40.11 13.58 95.37 60.23 75.91 54.49 34.00 86.12 33.48 62.01 93.39 82.02 97.07 38.54 21.12 56.20 87.96 31.52 93.84 59.87 79.56 62.95 10.18 67.08
22.61 64.95 57.94 53.06 36.19 40.02 57.48 12.17 38.99 21.50 87.38 95.08 52.63 96.74 53.59 81.57 95.43 41.08 18.18 86.93 45.73 91.80 68.48 55.36 78.97 29.58 28.94 35.64 11.07 33.35 21.96 56.71 66.96 20.71 81.64 82.43 11.85 40.04 69.35 14.04 43.47 49.26 92.65 49.69 78.75 41.13 51.22 29.38 54.06 89.24 37.18 80.71 29.30 57.55 94.26 49.11 12.32 20.57 15.78 80.32 35.15 66.47 20.01 77.86 15.72 66.84 43.67 46.95 93.99 16.52 57.99 30.68 21.79 83.90 73.21 64.85 26.32 57.81 47.06 87.89 23.94 60.64 82.34 54.35 58.07 53.47 35.97 41.86 52.34 38.16 73.37 44.12 78.18 23.43 62.37 80.13 29.72 52.53 72.17 27.95
84.80 60.06 92.01 85.72 33.64 14.28 42.51 97.61 40.01 80.32 41.21 95.96 83.57 38.27 58.28 78.34 34.28 22.43 26.82 80.56 44.78 82.78 45.18 80.05 47.79 25.78 95.37 47.35 80.77 91.72 79.11 53.21 20.78 66.07 26.18 67.29 52.49 17.00 55.11 64.75 33.64 83.04 41.86 73.66 34.95 35.56 88.29 72.48 65.22 82.24 47.93 68.95 72.14 45.48 33.93 66.86 68.41 66.77 14.03 64.78 70.46 51.77 78.00 52.88 33.84 98.33 31.62 58.55 35.95 66.17 31.22 22.33 24.07 35.35 97.44 29.00 87.03 36.77 85.63 17.90 22.13 10.01 56.16 59.52 82.88 23.80 24.64 88.47 28.71 64.36 15.66 74.24 55.77 98.17 32.02 68.80 95.94 95.79 44.25 25.81
57.69 40.35 13.26 47.77 15.41 30.49 21.40 53.89 55.50 83.77 42.93 97.56 35.59 85.22 54.49 85.97 80.43 57.20 51.80 92.29 72.97 31.29 47.60 50.63 92.33 13.26 91.24 92.36 26.71 34.13 22.77 85.46 88.21 95.36 63.73 42.33 76.98 39.23 20.14 77.90 59.96 15.99 91.45 40.80 60.06 65.82 58.24 90.08 48.19 42.42 59.74 16.04 65.10 42.21 20.97 46.49 80.22 16.76 41.36 58.32 60.26 76.93 58.66 12.16 30.39 59.99 44.16 50.34 90.93 80.27 26.49 60.32 16.35 95.19 29.43 40.98 85.51 64.10 60.80 22.51 69.86 33.62 98.18 91.59 97.07 24.59 53.15 58.57 94.75 30.19 34.12 87.55 51.82 60.81 57.74 70.31 16.17 64.12 10.26 28.10
82.06 58.37 88.37 16.95 69.63 45.28 77.54 73.59 76.08 43.58 59.37 70.07 74.60 93.94 12.69 94.89 34.32 80.10 26.42 80.04 12.83 47.91 91.58 48.89 28.95 38.35 35.84 83.29 37.83 89.34 50.24 97.64 72.04 95.72 83.49 97.53 19.83 48.11 35.30 56.89 41.08 78.69 49.05 69.25 98.94 71.84 76.08 91.23 96.76 79.72 90.15 82.95 53.62 39.99 55.97 96.35 83.16 62.45 95.49 44.18 67.11 78.38 69.14 67.80 61.07 35.00 12.82 18.45 41.44 93.06 28.36 97.92 31.87 58.85 58.47 11.81 69.34 51.94 49.96 51.32 53.65 65.83 25.60 80.37 56.95 53.01 10.74 10.18 75.99 16.18 58.74 78.73 28.55 94.91 69.08 90.85 61.81 63.91 59.07 63.91
16.41 39.12 96.25 75.90 27.74 42.21 43.35 14.09 67.70 47.81 14.42 51.59 48.86 61.19 93.24 48.07 12.66 74.71 91.29 46.08 74.56 78.18 67.51 59.91 40.82 24.72 93.29 66.04 25.03 12.51 67.05 62.79 66.22 79.14 27.03 31.70 72.38 77.74 69.53 13.47 67.93 11.01 16.04 36.00 70.51 77.41 40.73 98.76 94.27 58.18 19.77 58.69 51.53 88.39 10.35 85.13 75.20 24.38 46.06 58.08 57.86 72.86 76.90 94.70 82.09 42.78 91.72 80.28 20.88 62.56 25.45 28.59 41.10 86.52 39.79 21.10 15.44 82.38 76.24 11.61 34.47 45.56 69.53 67.10 50.91 35.21 51.08 12.63 32.26 77.69 10.38 87.95 40.07 45.18 78.46 38.72 66.15 64.27 67.98 21.97
60.12 60.21 70.56 17.87 27.98 94.08 64.13 60.27 36.16 76.85 17.65 52.51 46.51 76.82 60.63 52.42 64.95 75.24 62.23 96.68 18.06 76.80 90.49 38.82 82.07 52.06 55.46 20.72 41.82 76.93 90.55 93.76 23.44 38.54 66.76 78.42 12.93 10.70 87.40 17.74 33.23 38.36 52.46 80.35 45.07 22.58 95.39 70.76 61.75 13.31 17.23 96.44 70.09 52.72 74.70 82.60 77.99 35.68 52.63 55.64 64.08 48.74 79.63 47.22 44.53 43.02 41.41 67.60 34.84 27.87 78.98 42.41 66.76 18.26 83.78 26.48 44.39 85.30 18.25 76.48 21.13 44.10 97.70 76.89 20.85 65.68 12.12 86.62 63.35 51.61 96.13 43.96 47.21 41.30 64.60 93.22 98.80 62.00 67.23 59.34
40.79 51.55 53.85 10.16 65.70 10.35 77.86 44.23 74.47 53.90 27.64 19.47 61.04 28.78 21.49 85.38 23.96 77.68 22.03 15.67 94.15 20.37 68.26 92.59 82.29 79.88 97.93 90.69 72.90 61.55 49.88 47.77 83.91 86.35 67.58 48.72 49.42 64.57 43.18 61.44 22.19 55.82 89.68 45.28 68.43 57.81 14.17 27.63 59.71 84.69 95.37 39.43 22.53 80.22 39.67 44.18 68.13 97.72 92.54 85.75 47.77 93.67 14.33 39.24 60.15 24.28 48.05 97.27 92.55 58.49 29.18 13.30 40.04 18.64 57.55 70.47 66.57 81.60 50.14 24.27 57.31 19.63 84.23 26.12 77.52 83.69 46.68 76.22 54.85 98.83 21.90 62.32 57.78 18.27 34.38 19.57 11.87 96.81 39.80 21.73
47.34 30.41 55.40 68.07 69.62 82.56 22.31 50.38 20.41 15.72 54.81 63.16 71.07 94.15 63.28 25.66 86.71 70.39 87.15 41.45 24.52 21.82 27.76 42.70 58.79 26.34 29.93 65.75 10.88 12.20 77.63 35.08 75.67 92.96 27.31 29.32 84.26 76.13 40.39 17.85 97.36 79.67 77.17 20.37 91.26 83.16 23.74 11.66 77.80 31.75 89.19 91.76 91.25 95.70 56.97 92.95 43.98 16.28 93.62 57.12 76.54 59.19 95.20 60.37 75.59 50.72 85.38 93.20 46.36 63.53 23.43 87.17 93.12 68.05 34.96 31.13 19.44 71.99 41.55 63.93 95.58 68.00 93.14 70.36 38.57 88.72 84.58 25.23 46.34 52.06 13.78 10.55 61.52 61.93 15.99 70.68 12.56 84.51 94.97 27.20
96.23 74.90 31.88 57.27 55.77 58.19 76.60 75.37 91.28 28.71 92.02 80.91 72.40 18.17 64.46 62.11 66.79 45.28 68.68 62.06 78.25 31.43 89.64 67.19 24.22 16.19 10.99 66.64 27.78 76.76 17.31 57.90 90.43 80.77 97.42 77.75 48.73 50.27 33.60 95.59 80.34 21.03 69.20 85.39 15.10 71.70 43.82 71.99 51.97 37.67 61.05 24.99 65.29 89.00 26.95 15.67 61.27 30.18 91.19 22.09 97.99 43.79 92.87 17.06 55.07 44.70 20.34 59.19 86.52 73.56 55.55 35.45 82.46 77.44 46.25 33.11 55.84 16.45 65.94 53.68 98.52 38.58 26.77 92.25 92.47 97.58 39.59 44.07 66.79 46.24 45.54 58.63 54.01 63.77 74.25 85.73 43.44 37.30 51.75 23.63
46.55 26.89 79.45 70.79 73.39 14.65 42.00 56.89 13.83 38.78 12.82 17.67 38.94 69.78 86.80 13.40 29.82 74.49 27.78 26.45 42.39 61.30 47.08 47.27 65.05 43.87 48.99 15.34 31.56 60.34 85.20 72.62 25.99 91.24 34.82 86.11 37.40 83.77 74.13 51.44 68.20 48.65 12.79 75.33 24.28 77.72 87.17 92.60 39.61 85.81 34.29 56.67 90.50 89.90 66.72 42.03 82.02 59.05 60.18 48.20 71.71 82.91 47.69 29.84 72.77 86.96 82.46 15.43 50.34 62.37 42.37 91.59 55.73 56.05 70.50 89.47 84.24 71.16 14.44 23.38 42.54 58.41 41.60 29.41 11.17 88.59 69.43 13.15 81.81 48.51 12.52 10.87 29.20 93.04 89.91 47.40 28.22 42.63 36.29 15.48
49.77 34.74 92.03 19.81 10.25 28.19 79.13 16.20 98.50 73.54 93.62 77.27 19.32 12.53 77.50 11.25 87.33 71.74 19.42 79.46 39.36 23.85 13.72 30.80 31.70 61.82 65.92 51.00 95.09 52.92 11.19 27.34 90.44 46.49 43.87 70.51 86.01 30.37 22.50 57.74 52.68 10.55 74.06 84.21 23.96 11.28 86.60 20.47 75.30 11.44 59.39 47.49 13.93 16.13 66.85 57.05 58.17 42.22 29.86 63.90 67.96 16.45 97.92 77.98 72.32 37.31 69.28 83.47 19.71 79.32 96.93 70.77 47.91 10.84 91.43 63.24 93.45 57.75 47.36 31.79 27.88 15.34 41.31 65.29 26.83 68.09 90.25 44.88 13.69 23.23 46.95 32.90 34.03 70.32 66.68 37.44 94.75 37.05 32.88 66.37
50.62 39.62 14.54 77.18 14.21 61.77 15.95 63.21 46.01 39.09 20.35 32.00 94.71 39.37 21.54 82.60 66.35 17.19 84.28 39.73 83.43 19.05 39.79 47.51 45.88 79.37 30.36 14.49 84.87 14.42 90.84 57.48 23.21 80.66 94.72 24.51 75.54 86.93 67.93 27.57 93.97 85.07 29.87 39.03 72.32 12.95 50.50 79.70 80.71 39.77 48.41 11.06 67.17 14.80 86.41 69.48 82.32 55.71 86.03 56.05 53.40 87.97 38.61 12.53 92.58 55.99 25.22 69.89 97.25 27.16 47.91 98.37 93.32 49.84 44.26 21.47 77.82 63.70 37.24 16.22 75.40 66.13 67.27 49.37 56.33 24.01 45.79 64.55 32.03 86.09 11.05 94.88 35.77 19.97 57.97 41.52 91.99 35.19 45.20 51.14
73.21 22.63 29.05 86.52 66.02 35.02 31.76 13.23 11.07 13.81 83.45 43.15 12.96 81.62 16.88 36.57 20.56 11.26 32.97 52.37 56.46 63.29 64.47 38.22 88.90 54.93 64.61 51.92 28.22 19.69 74.41 59.57 36.62 76.98 76.66 31.94 62.44 36.64 47.59 10.22 40.69 58.08 28.45 85.78 18.83 25.83 84.64 39.49 59.23 88.88 85.49 26.66 37.12 29.27 58.02 24.47 46.77 87.53 29.11 80.12 47.41 75.12 49.54 77.32 62.39 59.49 53.85 43.95 80.09 50.39 25.77 32.97 98.75 44.26 25.44 75.05 66.43 96.37 74.44 88.87 83.32 49.74 77.43 54.42 57.30 31.18 38.99 70.19 62.27 33.40 25.60 65.16 91.92 58.15 70.00 81.50 45.00 77.23 52.63 90.29
13.71 91.29 60.73 63.09 48.08 71.08 70.61 72.32 82.21 67.48 94.24 11.67 65.90 92.99 42.26 91.56 25.68 47.46 15.79 89.88 45.44 64.11 80.93 39.18 84.38 58.42 50.18 42.52 32.85 66.24 20.78 30.44 24.19 81.33 93.71 45.74 51.54 86.40 91.96 45.00 41.49 85.69 35.92 81.41 22.42 58.41 91.22 62.16 78.81 65.31 13.64 90.64 12.34 90.28 70.95 10.21 95.07 83.93 86.70 84.35 33.78 96.33 95.36 77.98 52.31 80.19 23.48 90.24 20.82 59.20 60.94 21.20 80.68 66.07 78.79 90.58 92.36 55.82 57.66 55.86 23.23 33.01 53.50 51.38 51.20 50.23 96.09 64.58 73.17 25.33 65.22 62.39 36.74 35.56 20.99 10.18 77.26 57.58 16.00 52.95
45.14 40.91 88.64 81.01 71.41 27.18 91.18 76.34 94.10 12.16 83.84 34.57 56.25 60.09 98.68 61.14 84.79 10.10 87.80 11.17 47.61 35.66 43.84 87.33 87.38 74.25 93.03 94.61 12.22 18.44 59.56 62.41 44.18 78.38 69.34 88.22 48.99 20.45 12.47 60.26 82.72 22.04 82.09 51.96 32.26 25.00 92.67 32.16 19.58 49.58 18.39 59.30 61.47 12.45 73.19 33.20 19.69 37.28 42.53 91.65 22.10 78.58 20.44 49.80 66.93 87.24 80.46 10.72 72.76 23.17 28.65 62.11 59.72 16.12 49.29 83.75 39.95 52.37 58.65 65.69 98.73 20.55 72.45 98.53 95.64 13.99 41.49 89.64 71.77 22.10 56.69 57.07 35.50 59.34 88.96 39.04 27.20 47.42 12.92 10.88
96.82 89.22 22.20 19.13 82.91 39.23 11.99 73.56 24.42 45.48 32.02 90.13 63.16 89.49 25.86 55.28 16.72 23.54 28.70 75.78 29.97 85.57 58.89 58.68 95.28 75.87 39.13 68.95 42.59 15.09 72.55 74.32 82.64 67.89 50.95 49.05 72.41 17.11 37.64 85.22 38.13 87.62 37.98 71.77 98.84 25.33 58.64 14.79 90.82 65.46 40.09 38.07 90.59 87.12 60.61 31.86 70.71 96.51 24.95 21.83 42.72 86.94 26.86 91.89 29.20 45.76 24.53 11.17 23.86 28.24 48.49 71.12 22.76 26.24 13.17 22.01 19.48 58.38 47.06 61.83 16.24 24.75 17.41 82.43 59.97 15.04 16.75 65.28 58.79 24.81 46.07 75.90 97.14 14.93 72.02 71.69 57.70 43.07 89.75 65.51
11.11 70.85 43.90 76.04 28.51 31.47 87.52 18.82 34.46 47.32 25.13 58.14 69.80 95.33 33.31 70.18 29.24 39.11 16.95 16.78 57.02 28.89 61.57 26.26 57.74 50.34 31.10 18.32 84.60 36.40 64.58 19.09 83.85 87.21 23.00 10.86 92.47 86.09 26.13 44.66 37.93 36.31 26.01 17.92 78.26 49.15 45.97 46.35 40.56 34.75 23.34 22.54 69.42 60.67 67.27 44.29 49.07 80.09 11.78 90.09 27.13 47.61 10.54 95.88 84.57 11.57 21.57 52.11 27.81 61.30 48.98 38.11 95.84 42.81 80.37 18.17 23.11 82.17 35.68 75.12 69.00 84.46 33.31 35.33 73.77 18.99 95.56 93.48 57.96 30.37 56.41 20.03 13.70 13.58 18.56 37.17 38.49 70.29 45.47 92.83
64.64 26.37 93.85 23.94 84.60 86.38 77.70 68.29 69.78 24.76 44.86 54.23 54.52 41.63 44.80 87.94 89.95 81.88 83.42 52.55 82.12 72.34 18.66 47.93 63.41 30.23 20.91 13.47 42.89 10.69 70.68 81.37 98.03 46.15 15.07 47.88 45.35 30.11 52.31 39.20 29.57 58.22 13.57 78.03 89.93 15.50 24.71 72.51 31.41 14.86 95.14 23.52 75.65 44.54 67.25 35.60 95.08 80.65 86.20 31.48 95.51 15.16 36.20 70.77 50.46 98.96 54.32 77.48 58.84 60.40 44.89 46.42 23.50 31.52 61.86 38.78 32.04 80.13 93.82 12.71 51.92 80.03 34.77 65.80 95.22 52.75 23.90 20.53 37.83 70.91 85.74 14.34 61.13 50.86 32.60 35.54 34.19 95.03 26.25 50.08
79.74 35.20 84.88 67.17 66.19 64.14 91.87 28.98 70.78 68.95 55.57 94.51 66.32 32.76 96.58 70.69 82.18 62.54 92.38 58.80 25.84 77.02 32.48 70.82 30.48 92.22 32.00 11.14 47.26 94.86 97.85 79.74 12.55 32.77 59.47 18.00 70.76 80.10 71.29 22.30 54.04 82.79 23.60 77.44 86.43 77.03 60.00 70.02 54.29 74.12 75.58 88.93 48.62 91.42 32.84 40.34 89.59 74.43 78.66 58.07 13.02 11.18 34.09 43.95 23.27 72.57 91.34 25.33 87.59 95.31 82.72 98.34 23.29 33.10 72.87 83.01 30.49 27.02 48.90 16.03 49.57 44.28 16.78 50.53 26.93 84.03 29.09 64.75 78.52 72.60 80.97 60.36 75.82 79.96 70.20 47.15 55.83 89.06 54.50 76.08
58.99 79.42 52.59 42.57 70.64 11.62 87.61 32.81 67.09 54.72 55.82 66.22 94.41 16.77 52.90 38.28 67.30 65.80 60.27 78.45 84.87 39.09 16.55 24.77 52.32 75.48 61.23 97.79 58.76 56.59 76.39 15.89 54.23 80.11 96.75 63.07 44.43 54.09 92.68 83.06 78.79 42.07 67.42 49.33 47.07 14.73 78.67 68.64 54.46 55.77 45.51 37.87 59.99 19.39 92.77 35.01 57.67 14.77 33.14 24.35 79.35 94.94 97.38 46.80 10.46 38.39 20.28 77.47 16.12 75.69 32.17 42.27 54.25 82.78 14.02 47.39 27.45 20.29 23.91 31.14 57.79 82.58 35.92 39.42 72.34 27.16 41.37 23.17 88.91 48.69 29.44 58.63 30.53 63.26 61.66 77.15 32.05 21.17 83.44 80.45
76.93 55.59 43.98 91.19 75.92 19.21 40.30 50.67 73.08 21.39 66.48 79.37 32.93 77.20 60.75 57.76 37.71 82.62 61.54 25.04 38.26 56.24 71.75 59.47 76.32 96.41 43.44 47.23 32.27 72.19 79.00 14.29 25.03 92.77 63.11 57.70 44.48 79.02 95.47 22.13 57.70 92.85 31.14 31.80 64.16 54.28 31.50 83.43 55.47 19.43 81.34 36.30 98.69 69.96 39.82 22.86 14.11 23.71 62.74 31.87 81.72 70.85 61.92 74.68 55.80 63.17 71.32 38.94 19.74 41.22 21.82 17.54 87.99 23.29 17.04 43.40 52.24 70.96 37.44 26.62 39.63 22.75 44.16 42.44 73.82 65.67 20.20 76.97 25.57 93.08 35.09 15.06 55.78 34.76 76.16 35.02 38.40 86.75 66.11 19.06
61.22 83.67 24.33 51.18 53.53 97.40 38.22 21.25 75.32 41.59 56.09 69.05 95.81 24.83 61.72 90.87 21.21 34.63 58.14 48.49 49.76 68.33 72.11 13.04 93.90 10.87 78.85 25.32 55.22 73.70 50.42 86.17 73.68 50.67 53.64 53.22 62.12 59.11 25.74 62.23 61.69 29.98 30.83 12.27 46.72 89.62 14.15 71.95 88.77 84.21 14.98 49.71 68.04 23.88 68.59 31.86 61.29 55.69 67.54 23.31 30.25 95.05 68.17 81.79 72.89 17.77 37.29 49.44 63.68 41.73 98.20 20.60 18.01 70.00 43.99 45.95 88.99 84.37 80.10 85.81 47.69 82.94 28.08 54.12 78.70 56.64 57.99 15.95 91.96 38.81 70.08 46.05 32.22 13.07 34.09 14.73 86.37 49.36 56.12 83.95
36.74 55.40 25.51 61.27 18.12 90.35 51.43 64.49 92.60 87.22 31.67 62.90 59.28 45.48 68.96 61.43 30.14 34.36 36.22 20.30 50.50 91.40 98.39 26.67 54.00 65.78 93.01 17.75 95.90 68.13 10.78 23.00 79.75 68.41 39.67 45.42 12.25 86.62 30.08 77.68 66.02 65.82 73.71 13.94 34.14 84.69 87.48 57.50 45.73 46.04 80.57 40.32 47.28 27.13 59.77 78.85 73.39 58.09 69.15 62.38 38.14 40.14 19.00 96.15 18.84 69.10 87.29 60.35 59.06 70.75 28.52 93.02 33.22 38.53 80.42 81.92 58.84 94.70 93.49 12.12 84.12 51.10 86.12 23.60 46.80 83.25 83.83 22.71 79.36 42.13 17.21 86.17 68.13 31.95 73.00 46.76 96.27 47.34 10.45 69.33
41.84 41.54 12.87 66.74 73.47 37.82 90.59 76.24 38.89 74.84 92.93 14.67 82.45 20.59 77.45 98.65 62.77 21.89 43.54 42.77 48.58 46.55 36.18 95.72 34.53 77.87 13.67 77.66 44.09 59.49 86.73 53.42 88.05 65.98 25.51 84.59 29.04 91.74 61.58 39.12 61.73 28.69 29.41 34.34 29.64 59.07 98.16 55.94 38.47 69.40 61.69 70.11 88.75 68.26 11.66 94.02 10.55 17.58 61.56 50.38 14.11 98.98 60.02 59.80 56.33 85.45 52.69 73.91 91.34 18.22 73.20 37.27 78.02 48.63 62.14 35.09 54.99 28.00 22.85 20.27 66.92 50.08 58.61 67.95 37.42 90.12 82.49 39.20 85.34 76.32 48.70 87.95 40.69 65.87 26.10 90.33 58.07 24.02 34.50 49.48
58.38 56.35 74.33 40.79 93.44 26.48 74.45 31.40 65.21 59.77 74.55 90.00 81.01 90.64 50.65 71.96 79.76 22.65 96.08 80.54 86.90 85.92 58.03 91.04 29.28 53.82 82.05 22.51 22.44 20.63 55.41 21.41 49.58 49.48 32.53 45.74 24.27 80.67 94.75 37.33 58.81 62.44 77.50 92.42 12.19 87.39 14.86 85.87 86.85 20.88 45.68 30.98 38.30 74.22 77.15 32.44 88.82 79.98 50.11 29.16 42.77 92.92 58.95 15.27 60.60 12.94 81.69 21.73 16.24 24.27 97.62 81.42 94.66 69.32 48.04 14.65 70.17 22.21 24.22 45.87 87.72 13.88 60.73 54.36 82.40 25.25 36.51 92.97 68.31 50.82 74.82 62.15 22.42 51.47 40.30 71.44 56.37 30.62 95.76 17.05
67.78 10.08 11.62 95.72 58.84 32.14 66.83 49.30 47.34 86.27 76.84 16.32 76.87 19.98 63.75 98.20 59.54 34.96 97.67 62.43 36.40 66.39 93.97 17.06 80.95 71.53 89.06 75.49 72.30 25.61 68.64 94.88 16.00 45.84 30.02 38.89 30.67 52.02 59.51 37.84 41.63 68.08 59.69 91.22 83.12 16.65 30.00 78.65 44.75 93.92 24.41 37.51 14.83 66.28 67.12 14.48 84.64 64.11 85.81 53.60 35.04 34.88 78.34 10.47 26.23 24.12 72.19 45.50 55.88 14.54 25.33 35.97 73.34 27.26 98.20 37.10 36.46 53.81 73.08 45.46 58.47 63.15 69.81 79.93 56.43 18.06 62.62 32.81 82.84 73.55 47.64 66.07 25.95 17.27 42.74 98.90 19.52 89.79 86.61 33.89
36.57 32.09 96.63 94.64 36.09 75.87 78.39 21.82 18.98 80.54 41.38 64.47 35.63 66.25 51.38 35.61 66.07 95.72 46.63 75.28 34.23 61.45 74.96 43.18 89.10 30.44 97.87 94.12 12.08 29.16 63.14 26.72 45.80 42.98 55.91 91.48 84.67 29.90 31.29 51.20 73.05 60.83 94.58 23.27 93.08 55.97 26.41 61.21 21.81 38.44 50.14 52.51 41.21 33.29 75.39 62.24 90.46 39.56 74.65 13.18 20.64 61.34 89.45 22.46 69.46 82.73 30.49 21.67 34.79 21.56 29.79 82.14 22.04 83.13 87.76 56.09 59.86 13.03 68.60 26.34 10.20 57.60 51.92 61.35 94.23 16.62 63.31 14.12 58.56 29.41 67.05 22.07 21.65 26.67 18.56 12.37 13.85 50.01 40.62 94.60
55.61 63.27 27.25 58.21 10.88 45.72 54.20 25.62 74.39 91.74 80.18 90.18 62.72 94.87 82.28 49.01 42.61 39.15 84.82 57.94 87.49 45.42 80.66 14.07 81.25 36.74 54.09 46.57 17.82 15.75 94.46 71.78 44.03 60.26 65.61 33.91 55.18 45.35 52.18 77.36 70.50 59.06 55.02 19.04 15.88 52.78 53.53 53.66 79.32 51.15 33.18 37.79 18.91 21.08 36.97 21.21 62.84 41.80 37.61 89.91 39.55 19.65 76.83 23.64 31.95 85.35 83.95 95.12 84.71 33.69 71.03 91.19 97.06 12.66 38.17 28.18 72.28 98.39 34.44 64.39 86.77 54.85 21.89 29.81 95.21 25.48 93.56 57.18 72.46 15.19 15.86 98.29 44.96 89.07 81.92 45.50 80.59 63.63 57.44 30.93
67.65 58.87 55.34 87.53 64.14 94.38 29.28 13.81 11.91 13.70 77.35 43.00 75.32 94.69 83.53 73.78 67.34 62.70 41.78 82.83 76.11 11.39 41.73 74.40 67.62 47.94 56.67 90.61 52.09 59.82 23.31 49.28 82.96 92.76 65.11 42.85 53.60 12.67 12.53 89.42 38.13 61.62 65.78 98.23 17.90 11.46 53.17 54.77 74.84 39.60 27.94 20.90 27.35 23.14 98.68 45.44 46.23 74.42 87.02 76.90 87.37 82.97 45.41 97.79 72.91 71.63 55.62 25.03 66.27 25.03 82.89 47.13 74.61 32.49 43.93 79.35 33.30 24.15 58.58 21.35 27.78 12.26 53.08 93.95 79.59 35.39 60.03 71.86 95.09 31.78 63.78 54.45 42.45 49.13 76.95 49.07 25.29 35.64 74.49 43.03
81.62 74.30 59.27 19.43 62.98 47.60 91.07 70.47 29.10 30.24 55.15 67.49 30.35 37.43 22.34 14.80 95.98 10.80 89.13 80.71 23.63 33.91 48.16 17.27 73.18 30.91 38.97 83.20 72.04 81.62 63.09 18.71 26.08 72.71 27.94 88.09 62.75 35.39 94.66 91.00 48.01 66.14 41.06 65.85 59.96 44.55 73.34 70.68 60.05 51.36 92.00 48.98 23.95 67.76 84.27 73.78 24.68 36.93 41.74 29.43 68.74 32.69 49.63 70.62 89.89 46.26 72.38 73.99 87.44 58.28 67.08 28.20 17.76 12.00 85.51 57.59 62.03 53.28 70.61 52.57 37.94 92.08 62.95 90.12 82.86 45.07 77.45 20.94 68.51 70.46 35.81 87.79 68.26 16.15 16.55 89.37 46.16 82.31 33.87 11.72
17.49 56.75 26.78 59.36 60.79 26.06 26.58 24.78 10.36 96.83 57.10 60.24 18.21 10.23 64.63 18.26 50.85 94.30 67.40 40.61 47.06 50.54 64.24 51.21 85.60 22.30 94.92 60.14 38.44 19.38 12.85 12.22 23.54 32.41 12.49 20.24 49.88 18.47 91.36 78.76 46.96 89.83 37.49 36.42 58.60 93.93 62.99 96.05 52.95 78.93 37.63 46.17 13.51 40.17 23.46 63.47 35.51 51.36 24.54 86.17 36.44 33.75 71.96 53.74 61.28 93.45 66.97 90.74 63.64 94.37 63.36 20.01 77.38 96.94 25.76 32.37 34.51 45.60 19.16 78.09 16.73 28.62 15.33 91.43 73.09 41.83 34.54 30.40 28.87 77.08 94.86 15.85 94.84 46.07 16.70 91.77 59.19 13.22 41.87 97.29
50.93 32.30 27.10 71.19 77.02 37.10 21.18 80.63 88.13 61.84 79.39 49.72 25.18 45.84 70.65 27.74 58.52 50.88 53.11 21.81 45.53 62.83 37.79 68.26 26.72 68.59 95.44 43.16 71.88 17.22 76.38 60.04 48.58 21.25 29.58 33.00 53.46 53.98 50.54 26.60 11.47 93.93 43.69 24.87 91.51 50.51 89.56 32.22 89.48 92.58 16.29 77.70 16.40 74.93 70.95 41.29 92.62 74.07 37.85 10.07 82.39 31.77 70.35 86.22 47.46 89.72 38.75 63.89 83.35 42.18 45.33 89.86 50.35 69.49 41.36 81.82 88.15 37.90 37.28 75.35 73.17 60.34 33.47 17.03 21.29 46.87 47.12 24.92 66.04 34.35 71.40 60.87 51.05 63.01 75.54 81.60 82.38 77.38 10.84 79.12
21.01 20.79 25.47 34.93 98.34 50.90 58.10 49.96 56.53 70.29 62.55 78.65 31.66 34.26 53.40 95.92 95.92 48.67 38.61 11.66 97.99 80.02 38.27 89.12 50.79 91.07 74.85 16.90 41.92 75.09 62.50 17.67 42.91 31.50 65.45 53.35 96.14 73.30 66.77 13.16 43.74 33.32 37.39 57.16 33.93 64.88 39.41 81.39 86.89 64.78 23.47 14.14 76.64 35.08 93.34 49.36 25.91 70.46 33.90 37.96 64.70 90.01 55.71 58.67 33.83 23.90 25.08 88.65 60.61 83.47 77.21 30.97 39.43 32.37 37.55 87.86 73.80 32.62 26.96 57.30 82.85 34.78 35.71 64.53 19.69 32.20 95.19 12.76 95.84 46.04 47.63 23.14 77.40 25.36 44.07 24.60 42.63 38.68 24.51 92.60
89.66 48.63 89.55 62.52 86.61 84.19 54.55 47.08 87.29 52.62 40.47 89.00 91.50 10.30 98.14 44.30 57.08 41.77 70.63 79.75 43.91 86.95 52.33 26.96 56.56 75.73 75.82 82.97 12.67 96.90 84.77 81.71 66.28 92.39 54.31 75.75 80.80 61.93 14.41 54.47 31.58 93.55 46.95 98.85 64.91 33.80 37.36 79.02 98.28 42.65 66.62 52.94 10.44 80.45 66.28 74.63 87.83 96.68 78.64 53.39 76.76 25.78 39.18 47.97 98.71 34.16 66.44 36.66 23.92 38.05 17.67 25.50 18.96 26.99 79.78 78.63 89.61 54.07 32.05 80.16 24.66 93.41 90.82 59.72 95.10 69.12 52.37 12.12 55.95 21.37 71.25 27.34 96.20 55.95 95.27 22.25 56.97 28.17 14.47 62.58
28.10 15.25 45.32 17.10 47.94 60.94 37.76 86.54 40.15 96.99 55.87 74.96 63.51 42.54 63.62 39.63 56.09 84.68 77.67 65.65 55.62 43.11 76.74 64.49 52.35 87.55 53.62 53.72 23.90 11.03 14.53 94.08 76.49 32.46 98.56 79.20 19.13 89.48 63.53 61.30 16.29 38.43 74.89 77.97 40.42 64.63 71.96 22.87 21.47 49.34 97.29 90.17 41.15 73.52 37.18 36.02 81.25 18.45 48.28 86.86 80.62 70.61 76.14 50.68 80.66 93.66 28.99 13.00 17.59 43.74 75.91 66.94 92.23 89.21 83.58 98.31 92.04 94.85 72.18 52.46 81.20 72.72 45.36 63.22 97.55 68.72 12.25 72.63 91.14 83.66 85.76 24.45 52.83 65.91 74.37 56.65 79.68 38.33 80.90 69.20
48.01 61.78 64.26 44.76 65.97 75.79 22.41 48.67 48.35 20.63 27.59 42.86 74.86 27.14 17.05 93.74 71.89 95.76 29.52 27.73 60.01 81.79 34.70 51.16 68.67 98.07 62.37 83.90 95.52 92.56 28.71 60.61 96.49 64.84 23.75 22.27 93.17 62.78 21.86 44.23 80.60 44.55 54.25 17.41 13.31 46.29 35.54 42.88 13.53 30.26 32.40 88.70 79.53 42.19 23.00 45.85 32.58 51.67 73.87 55.58 97.77 72.24 48.40 68.50 57.15 32.79 77.15 64.79 85.67 46.07 70.85 32.29 20.27 11.29 50.00 11.14 87.21 36.10 35.99 67.53 87.00 51.01 55.05 73.39 64.04 36.63 85.65 77.56 62.98 87.46 81.08 23.34 55.26 92.07 27.34 70.84 40.18 50.85 13.60 49.57
26.59 15.08 98.54 56.38 39.97 17.68 93.16 42.76 17.32 40.56 51.51 36.39 80.64 16.64 46.18 70.87 18.81 29.78 33.77 53.28 60.56 68.73 34.81 45.26 26.01 85.90 62.12 77.35 57.90 60.01 76.38 62.84 29.81 12.16 10.41 19.88 52.35 96.53 36.10 58.87 14.63 52.90 76.79 83.50 41.95 47.04 55.15 79.08 81.52 62.05 42.17 79.27 50.76 33.84 60.32 47.55 60.34 22.34 61.54 49.71 95.48 87.90 43.96 60.17 23.16 63.09 84.31 12.99 27.88 80.17 54.83 74.48 42.53 81.60 60.37 58.88 85.25 88.59 47.00 30.78 38.01 22.39 40.65 15.53 14.78 57.85 42.27 59.20 72.32 76.20 39.79 73.77 68.74 91.87 12.26 56.94 96.79 44.80 19.08 39.45
93.16 89.61 25.86 95.06 45.65 81.88 74.56 86.30 34.53 84.25 61.46 21.85 22.92 76.70 98.60 93.20 32.35 44.73 38.03 80.38 17.57 28.63 82.24 35.41 34.04 74.90 20.34 54.14 38.80 96.72 61.92 83.73 16.64 78.61 20.04 58.74 13.58 30.67 10.10 97.14 36.01 45.93 12.65 84.66 13.00 65.20 85.74 30.00 50.85 87.47 27.21 62.15 12.82 60.81 21.35 10.45 10.20 95.36 77.76 61.46 77.49 10.98 22.58 55.55 40.14 54.54 75.83 52.62 76.54 37.27 47.00 36.74 11.13 12.87 77.36 16.90 83.35 70.29 85.54 10.22 31.40 15.75 89.80 18.79 30.95 67.84 10.44 28.88 50.02 63.17 86.32 78.73 73.66 76.49 54.49 85.11 97.54 17.06 48.29 39.22
12.59 54.74 49.16 10.88 24.79 44.24 60.94 18.80 90.28 22.08 24.21 43.18 93.12 73.32 59.78 40.27 18.76 12.45 79.98 48.20 19.27 59.37 61.47 48.84 25.16 26.03 48.05 38.67 90.43 85.92 47.83 70.28 18.14 11.98 97.85 14.75 50.65 96.11 19.07 73.28 62.27 94.91 61.96 44.82 27.37 40.78 61.16 37.76 96.41 82.13 42.81 67.68 51.44 11.04 74.91 45.19 20.51 36.42 42.48 83.50 36.25 77.13 49.63 88.83 72.32 64.50 65.81 77.15 58.83 86.15 49.46 87.97 18.91 19.80 24.81 78.75 10.11 33.43 83.41 84.27 24.52 98.20 37.09 45.17 52.06 68.10 71.83 30.83 56.26 72.56 90.63 72.63 35.60 40.88 50.70 30.48 32.58 87.02 69.31 39.93
58.40 41.69 21.08 80.56 16.66 87.42 83.48 43.32 53.54 42.84 16.09 52.19 49.35 81.13 79.01 36.23 11.71 40.95 93.12 77.88 63.75 80.84 52.68 69.14 78.02 49.88 32.83 79.06 63.86 66.72 18.82 80.54 51.84 85.60 11.51 66.49 14.59 97.88 74.87 92.93 55.91 40.50 47.72 72.14 10.01 92.75 58.81 48.75 24.35 59.79 62.65 75.21 27.28 17.70 56.90 85.04 82.47 19.63 24.48 75.82 22.86 87.00 85.37 42.22 70.62 18.45 87.60 69.89 32.82 88.07 24.69 70.61 26.35 73.05 94.69 49.60 20.46 56.23 65.04 54.07 33.34 23.29 76.75 55.69 21.44 66.92 35.85 22.54 65.96 54.29 14.47 64.49 63.70 17.49 38.83 74.34 31.75 34.31 17.33 56.68
44.24 85.08 72.06 39.14 29.85 63.35 71.51 44.38 37.54 34.93 90.39 12.10 86.39 52.43 23.62 72.46 58.45 64.40 34.63 14.23 40.50 43.48 26.39 40.97 24.62 54.24 89.44 72.98 34.48 16.35 67.10 50.24 27.69 45.23 56.56 77.64 28.11 94.99 76.26 19.34 84.92 43.54 15.91 33.72 76.22 15.25 86.56 97.51 54.58 74.03 95.24 20.36 20.25 48.11 25.43 91.03 87.65 44.55 96.36 84.20 60.51 45.33 79.50 11.41 38.10 13.81 50.85 93.10 37.01 15.60 85.69 31.41 86.05 90.16 87.75 36.44 17.24 96.74 12.16 15.70 52.61 65.89 66.55 59.12 43.03 76.61 73.20 61.96 62.62 80.75 92.52 69.87 36.91 61.03 20.89 13.47 89.79 96.08 18.94 58.57
89.79 30.35 86.26 58.56 27.38 74.73 20.94 33.87 73.75 78.15 52.91 38.62 44.45 12.69 85.33 61.76 68.21 73.75 23.86 60.41 93.96 10.54 26.75 76.72 60.86 28.75 13.73 84.24 97.29 19.40 85.86 64.09 94.69 55.59 53.34 83.64 15.24 54.75 59.70 18.37 76.23 54.60 38.23 66.62 15.39 87.04 77.25 87.64 65.16 22.29 67.48 79.17 89.29 74.97 41.50 42.83 80.40 55.30 13.53 69.68 59.11 94.47 27.70 68.00 73.76 10.04 66.86 26.67 67.82 59.94 96.26 77.80 25.09 95.21 47.88 59.39 75.59 34.28 14.55 40.57 51.36 81.14 27.33 35.27 54.36 54.49 86.40 94.06 38.07 87.98 24.94 19.55 19.04 20.40 86.99 92.92 44.05 36.66 88.57 34.38
23.45 19.75 86.50 54.07 93.16 15.34 98.25 46.94 74.97 68.49 47.22 25.41 66.03 23.66 34.79 34.71 63.88 64.98 27.99 71.52 79.43 34.12 72.24 51.52 97.73 19.40 40.07 59.13 78.61 59.68 26.76 55.06 24.82 91.27 84.09 98.02 16.19 97.25 22.82 32.93 96.24 80.92 91.69 91.43 39.49 23.07 48.91 88.75 37.98 50.96 94.59 73.07 41.67 43.24 71.81 81.22 45.40 26.28 80.51 98.12 77.71 12.65 47.46 32.82 19.39 98.20 49.37 84.65 44.82 88.09 12.23 69.04 60.59 38.35 73.06 54.26 80.57 27.50 86.43 80.18 79.91 50.47 76.82 59.06 43.17 42.42 97.44 60.10 55.74 67.99 52.25 42.40 61.39 26.95 17.04 59.41 87.85 33.73 49.56 28.08
64.88 14.73 13.57 93.94 14.15 36.60 22.87 59.09 92.74 52.23 62.78 54.59 67.87 34.65 22.60 74.00 63.94 37.22 48.27 34.62 54.33 27.41 55.81 11.98 27.47 61.74 95.32 21.05 50.38 57.04 56.26 45.89 35.39 98.30 26.19 11.52 10.85 20.93 62.45 45.42 94.48 50.50 97.12 92.55 71.53 40.98 78.83 77.78 81.63 51.88 86.61 92.74 79.81 51.77 86.44 50.26 25.37 22.29 34.45 37.63 65.87 71.85 91.29 12.34 59.52 47.90 91.14 71.26 55.08 95.67 40.32 29.61 58.14 67.71 56.90 13.42 67.70 59.98 83.93 71.12 57.64 39.76 54.99 51.23 30.34 27.66 50.66 25.75 74.51 41.35 56.61 59.31 21.48 86.76 86.25 75.12 54.88 68.17 94.58 52.39
80.10 59.83 75.97 44.83 46.18 97.05 40.86 49.21 97.02 16.37 54.60 27.00 49.77 30.79 12.24 95.49 17.34 85.55 43.85 72.77 60.53 64.56 94.38 52.51 47.62 49.68 25.76 41.90 11.43 77.10 48.77 42.32 59.18 66.54 74.49 60.07 51.25 43.66 64.08 53.69 34.50 86.51 83.80 98.29 68.47 19.93 96.22 17.74 92.85 76.11 82.81 41.16 41.41 19.31 40.83 88.47 60.24 56.05 94.26 14.34 72.81 28.58 55.81 29.48 31.78 19.41 16.66 58.15 36.75 20.92 58.60 35.03 51.27 42.03 16.50 52.99 48.86 29.39 14.43 35.79 14.99 70.55 43.37 38.09 61.25 73.93 69.13 19.92 53.76 65.33 68.92 46.69 26.05 27.23 96.28 47.84 53.26 68.77 46.49 77.79
15.66 32.04 85.44 19.09 57.31 66.36 71.64 13.33 30.38 86.97 92.78 32.44 68.97 43.36 55.22 58.64 18.95 74.00 31.23 96.13 35.43 94.21 84.49 57.61 57.60 15.63 37.03 27.46 24.53 23.27 95.99 66.55 69.90 87.93 45.53 98.19 16.65 54.61 57.12 33.90 56.34 29.80 42.61 40.02 75.38 90.25 23.06 14.56 67.99 24.89 44.85 61.32 89.34 26.36 87.40 17.75 19.14 95.20 96.40 10.80 91.46 40.82 24.46 55.08 84.05 22.15 33.25 44.44 55.44 67.34 47.16 95.54 49.45 67.74 46.92 87.54 89.78 27.28 88.29 15.01 14.53 45.36 86.13 66.10 59.97 13.18 88.25 50.50 98.51 52.94 71.93 20.63 66.07 82.44 62.30 75.66 41.02 78.73 30.39 48.52
13.12 69.81 21.98 29.00 95.17 41.36 47.13 83.52 83.99 71.74 23.77 84.21 75.95 95.83 34.98 89.69 33.42 58.65 17.09 81.65 35.33 91.50 63.17 16.56 88.14 36.17 75.67 95.96 19.05 18.66 38.63 82.51 60.99 81.07 33.65 54.42 67.61 33.63 92.07 67.92 24.83 47.08 11.64 89.88 26.56 61.29 90.00 25.63 25.66 83.18 79.38 30.32 67.46 50.10 88.28 72.61 22.51 14.01 80.92 88.72 49.52 76.60 90.95 18.59 81.34 70.30 19.59 63.00 68.78 98.03 76.23 12.87 18.83 30.46 96.73 17.79 81.66 91.36 37.69 72.88 11.30 15.67 39.10 39.32 97.65 40.89 51.72 82.90 71.06 80.68 31.42 31.56 77.41 31.46 37.66 75.35 27.73 37.52 76.15 85.75
52.45 43.04 35.83 10.87 78.64 61.80 60.34 44.73 32.38 55.31 86.06 61.95 78.94 20.34 57.17 75.39 95.35 37.16 79.38 69.82 41.01 59.45 92.20 55.71 81.30 61.08 63.50 81.23 77.98 47.43 26.71 88.05 66.64 75.70 74.98 72.51 63.86 69.16 71.94 49.30 45.54 31.46 35.90 43.96 68.45 40.95 93.27 51.21 68.59 28.18 12.72 66.50 27.46 83.15 38.15 16.28 34.52 23.56 26.67 73.37 27.02 23.83 80.90 19.82 37.05 36.17 45.68 25.19 49.55 77.99 71.57 82.04 53.20 73.25 59.41 49.38 72.49 58.13 69.76 92.99 35.74 91.19 63.65 67.33 91.90 18.18 88.64 53.21 71.37 41.87 72.16 98.97 51.73 96.37 16.17 27.31 78.95 53.87 14.33 15.14
67.37 51.75 23.83 97.03 93.13 33.72 21.64 42.47 27.18 22.05 93.22 69.67 25.38 63.46 20.75 62.71 94.18 37.25 53.29 87.53 66.24 33.62 63.97 12.68 66.43 84.11 97.36 49.98 13.51 88.39 66.16 30.83 15.18 15.11 16.62 85.03 79.80 31.48 81.44 31.79 62.45 42.72 42.15 28.23 36.20 72.37 68.18 73.04 55.58 27.73 60.88 33.38 70.08 18.11 80.57 68.16 46.66 63.19 28.10 24.01 14.52 38.39 44.31 95.68 65.75 73.92 29.85 85.06 67.74 44.40 92.96 67.82 48.55 89.00 95.29 98.24 22.00 70.07 27.44 64.66 43.33 61.26 73.79 30.49 94.32 32.63 67.77 78.31 12.39 85.67 62.32 40.76 70.42 86.94 56.42 78.96 74.35 63.29 96.29 70.72
94.57 37.81 94.00 52.75 25.80 83.59 76.12 62.04 89.16 60.79 14.48 32.71 98.53 86.41 72.05 94.79 46.69 13.22 48.40 14.28 39.65 70.68 66.92 70.80 45.77 91.40 84.06 85.25 66.44 36.88 90.47 47.67 92.33 34.52 65.94 50.59 16.47 72.47 69.61 81.45 59.30 65.21 19.00 89.76 93.62 63.62 11.02 66.66 79.21 75.18 75.07 48.99 54.51 35.00 62.67 87.07 12.15 73.85 68.23 31.47 81.03 98.99 26.27 32.12 85.50 57.57 65.38 21.54 93.97 91.17 18.50 95.11 88.21 80.60 54.31 46.87 53.23 50.79 52.36 50.98 61.02 71.95 42.22 97.54 41.73 95.31 66.05 58.65 18.74 67.44 12.05 75.00 54.04 44.27 24.44 49.67 34.62 92.62 49.53 60.03
29.88 79.70 78.29 63.58 77.93 66.88 42.56 75.71 98.27 32.60 37.78 53.28 69.33 35.12 68.30 36.99 51.38 79.20 73.46 57.42 29.06 56.06 32.77 19.44 14.23 43.69 21.77 61.25 89.33 26.78 46.05 71.68 75.34 60.89 91.34 81.01 22.64 82.70 75.92 58.56 53.17 61.21 67.12 76.28 85.96 19.62 39.24 35.46 61.39 86.20 11.47 96.22 53.22 69.04 41.18 85.13 63.64 87.78 67.34 19.78 44.50 49.79 84.42 78.81 60.79 23.90 82.42 47.86 81.27 51.82 13.73 97.98 96.16 81.90 76.15 61.18 27.22 47.37 83.28 59.87 72.04 83.77 16.27 57.38 21.39 44.73 83.30 86.77 25.86 26.01 10.59 29.69 70.95 40.82 11.45 57.05 20.01 52.86 89.44 44.87
12.70 63.78 91.95 76.51 96.53 11.46 35.78 82.24 43.83 69.47 52.83 37.15 28.15 17.13 96.85 54.07 73.49 78.73 47.59 37.72 78.80 19.73 20.74 75.78 86.54 81.21 10.68 77.26 16.68 22.26 24.28 47.59 67.84 33.09 25.13 13.02 17.36 10.19 17.45 29.55 61.44 87.32 81.55 18.91 40.89 88.32 85.40 47.48 92.28 36.82 37.72 24.77 91.38 75.04 70.73 54.30 83.11 60.55 78.85 66.91 36.81 58.80 63.77 85.54 96.25 87.85 82.37 49.39 20.27 29.25 29.16 22.79 55.83 59.07 86.60 24.26 68.51 75.27 91.40 33.83 25.42 10.86 23.77 23.40 49.81 34.66 75.35 51.91 93.95 43.84 72.30 17.48 11.62 17.28 68.02 97.64 13.36 90.66 20.92 78.54
94.58 26.85 42.06 35.74 66.39 37.17 15.74 87.61 19.70 94.83 11.41 45.57 65.76 86.08 18.91 85.82 11.23 79.29 39.01 19.39 74.45 79.71 38.80 51.87 67.36 19.02 19.84 74.32 60.27 62.57 52.38 15.23 60.52 95.18 42.60 10.59 98.51 96.34 34.78 22.76 43.23 33.08 47.72 20.97 61.44 28.86 84.60 20.52 65.09 81.70 89.46 48.99 14.09 57.05 62.66 80.99 34.94 30.73 43.93 48.92 95.03 17.09 20.27 14.99 61.63 89.43 73.91 81.39 24.16 21.21 67.02 24.75 79.50 24.19 78.88 28.15 91.42 11.93 65.82 96.24 54.57 51.91 73.26 58.21 71.07 41.81 91.62 83.73 89.08 32.77 63.93 43.32 68.88 51.40 92.52 73.05 36.70 50.28 34.87 32.27
44.90 68.52 46.76 60.08 11.03 95.07 93.84 93.24 35.69 39.59 65.66 27.55 23.31 92.45 11.35 86.80 40.66 74.16 15.57 59.72 86.22 69.49 24.57 98.67 23.95 15.38 68.77 23.66 98.23 77.00 97.09 12.07 88.24 70.26 46.08 23.85 90.81 89.12 77.34 44.54 75.95 58.74 17.52 25.07 71.20 78.34 69.34 58.41 96.80 51.15 61.15 30.54 55.55 19.06 89.38 83.24 42.24 46.22 38.42 44.17 82.60 90.53 36.97 49.39 71.31 97.83 90.27 33.98 68.12 85.83 43.86 61.50 19.24 85.22 36.93 24.90 51.97 45.45 67.05 11.84 46.34 26.54 63.17 72.71 22.96 62.60 66.09 54.47 55.30 48.85 81.78 77.41 19.63 48.43 77.95 44.61 35.05 44.07 43.57 61.28
21.05 49.83 55.27 53.43 60.07 62.19 63.57 22.44 48.16 71.78 22.57 61.50 27.84 59.43 93.81 53.37 66.85 13.62 12.66 55.07 55.16 29.56 47.48 25.02 61.80 15.45 75.28 30.52 92.74 43.23 73.81 30.03 54.12 87.77 74.25 40.77 52.08 25.96 72.97 16.22 29.43 56.26 44.16 34.41 20.15 79.21 82.44 87.26 79.34 79.24 30.99 81.49 66.24 53.51 90.47 75.43 35.84 22.20 93.98 80.04 36.53 19.24 48.78 82.33 71.12 72.44 66.99 70.36 72.08 81.34 73.86 35.92 47.20 86.26 69.74 97.65 70.83 64.74 60.32 18.03 20.80 55.82 65.10 97.64 64.55 38.84 78.01 32.13 87.62 27.47 38.32 51.78 61.54 47.44 89.83 13.88 32.72 76.55 79.09 70.54
38.99 77.00 25.82 76.86 20.80 89.64 75.64 97.95 59.90 25.81 76.48 35.09 59.29 50.53 39.11 24.43 22.14 93.90 57.58 72.01 50.06 48.51 58.17 37.53 79.07 96.99 56.58 19.89 55.83 55.90 49.03 41.01 70.64 55.33 83.09 67.56 14.34 57.41 69.43 40.58 96.07 38.80 92.47 66.26 85.78 19.50 98.40 53.50 87.71 12.41 93.43 47.63 62.64 18.47 16.62 71.66 98.11 73.10 32.17 49.52 45.17 32.47 40.21 61.59 33.66 73.88 94.86 86.47 25.25 12.94 58.01 83.88 25.86 77.84 48.51 65.80 91.96 87.93 57.75 12.06 40.40 45.80 63.70 73.62 60.42 94.97 89.67 81.87 49.01 61.44 77.59 22.49 14.36 17.62 21.92 55.28 84.28 14.42 12.47 91.87
19.90 30.22 88.20 64.14 88.02 64.63 66.02 25.59 38.36 17.51 38.99 75.41 54.27 51.49 64.92 47.33 51.56 18.00 45.25 83.53 48.67 50.14 49.93 18.10 89.44 36.11 41.73 69.91 31.14 92.48 16.74 53.30 85.04 80.43 80.20 30.45 43.51 88.72 38.20 85.86 46.56 43.72 80.35 80.61 92.50 22.65 88.85 21.39 96.51 26.88 45.54 39.82 80.53 40.07 56.18 74.74 33.99 63.84 52.02 11.49 64.93 20.69 64.55 77.44 90.53 65.58 23.98 81.06 32.44 95.11 79.29 57.77 64.76 67.23 72.27 65.59 85.54 93.48 46.19 34.27 24.15 29.62 84.56 77.85 89.47 77.82 67.67 22.09 34.69 80.13 72.39 89.34 98.74 37.67 39.02 73.19 92.43 12.16 81.48 22.27
27.75 71.88 40.34 92.46 53.69 30.47 87.35 82.27 54.89 62.36 18.75 49.16 43.25 50.02 34.16 82.08 88.73 81.25 72.87 30.62 55.04 86.06 82.02 58.44 50.73 35.18 78.80 66.25 71.46 96.69 55.46 49.59 67.31 28.62 56.86 45.86 14.70 59.13 52.13 86.92 36.17 46.88 83.92 57.75 22.28 52.67 42.97 76.19 94.06 90.04 82.58 78.02 70.60 91.86 19.86 96.86 47.53 13.95 34.31 90.09 67.32 55.87 81.83 14.33 13.36 63.14 54.68 29.93 72.62 61.90 62.34 63.55 20.38 60.34 93.38 37.10 66.44 68.21 12.51 92.53 64.92 59.31 28.99 59.47 16.37 28.60 19.53 30.70 73.26 44.73 67.09 74.47 83.04 67.41 21.41 33.90 35.84 47.43 34.35 45.15
73.29 79.01 69.64 89.57 75.63 19.04 50.02 96.81 52.90 84.85 61.72 14.65 66.02 12.92 29.44 44.56 48.00 93.51 75.73 72.29 74.22 35.10 98.84 29.12 16.55 46.60 52.93 96.53 18.79 91.01 94.29 90.74 81.17 58.81 77.72 83.25 34.90 31.80 89.83 52.25 87.10 47.82 39.18 53.00 70.94 72.38 21.57 42.36 70.75 15.65 26.15 59.41 97.80 93.54 59.53 80.07 62.64 94.29 43.95 80.65 88.14 82.00 64.52 89.71 66.55 75.90 88.97 55.52 51.47 75.28 73.12 79.41 82.29 66.52 30.55 80.42 82.07 94.35 64.36 48.96 21.97 56.78 61.46 14.10 75.81 22.95 47.66 10.53 42.14 37.92 76.01 18.73 33.62 98.54 68.24 64.11 37.14 68.84 27.84 42.43
52.07 23.25 85.60 63.36 91.39 31.99 38.59 30.55 33.95 87.76 13.27 35.32 44.61 83.23 73.65 89.98 80.44 77.67 29.50 42.02 82.92 75.38 83.55 48.87 36.46 97.50 37.67 47.78 19.00 60.19 72.76 22.14 82.42 81.99 12.62 92.44 42.23 49.51 20.76 19.14 32.16 79.89 56.72 90.04 63.49 20.27 96.24 16.40 62.27 54.57 45.98 37.31 38.60 47.24 69.23 69.55 56.05 82.15 76.47 90.73 95.27 66.26 75.10 72.55 35.42 84.41 84.11 66.64 16.48 24.56 91.80 71.06 37.50 51.09 86.92 75.92 92.96 76.81 98.33 85.58 47.72 10.10 39.02 70.68 49.19 15.66 23.68 34.88 43.18 13.59 62.08 93.06 46.16 37.10 37.13 62.98 19.03 23.50 93.69 64.96
28.84 97.80 85.33 66.17 56.11 22.02 45.41 79.24 77.73 11.30 73.01 78.51 59.58 72.13 27.01 38.02 32.71 60.88 98.73 94.91 78.22 88.75 66.29 54.67 91.58 16.08 63.56 29.47 82.26 33.41 65.00 11.95 44.97 14.04 75.40 11.52 59.54 88.95 12.48 50.95 54.00 71.50 92.50 47.22 53.62 13.43 14.89 29.32 84.19 15.29 11.21 94.43 69.18 79.15 28.19 11.43 52.17 89.83 91.17 89.90 26.22 68.66 92.71 66.73 56.73 88.27 42.74 16.41 31.56 53.16 41.02 14.72 91.84 20.86 90.15 87.86 49.44 32.53 79.23 51.15 82.58 27.12 60.88 86.06 44.62 83.56 39.87 78.58 12.30 81.59 91.74 65.12 81.74 48.47 94.16 63.47 66.46 92.82 15.28 29.04
41.95 45.05 23.54 29.47 81.36 24.56 80.76 70.58 17.19 96.58 54.45 71.05 40.79 70.74 26.85 19.22 77.15 86.77 19.82 84.80 47.85 41.73 34.22 82.72 87.51 94.46 16.28 97.28 88.35 92.55 62.99 58.09 93.65 93.40 88.54 53.06 14.09 96.78 67.26 51.87 42.76 65.60 26.58 35.33 13.28 77.78 45.68 39.15 17.82 95.64 25.04 79.13 40.95 45.77 82.54 63.68 46.61 22.63 90.95 22.42 18.10 37.64 96.51 56.41 66.86 23.46 25.60 53.36 87.27 80.34 49.40 39.91 90.01 41.94 94.06 25.30 64.93 54.91 14.95 32.42 52.89 97.27 89.59 66.98 52.82 27.19 70.79 85.45 75.66 79.45 67.28 71.40 56.38 32.83 54.97 47.85 69.49 14.36 63.68 33.32
27.83 27.37 88.06 59.67 59.08 40.22 84.22 76.36 64.80 73.10 79.97 18.34 71.44 98.67 34.14 86.65 15.92 13.71 19.52 50.05 88.60 52.01 50.54 83.71 64.43 60.97 73.51 20.56 56.39 97.58 72.97 86.10 14.56 65.21 65.78 16.86 15.07 10.17 46.12 68.25 81.34 30.57 77.66 85.39 79.34 65.45 25.84 61.98 52.36 16.38 15.10 50.39 53.82 11.26 84.74 58.00 94.52 73.04 97.04 74.91 30.48 10.18 16.74 26.71 59.73 10.16 27.19 43.49 64.85 90.42 25.71 82.69 18.39 69.58 51.81 85.53 27.24 97.17 68.69 72.02 10.05 21.08 61.21 95.66 95.43 48.44 63.23 27.20 19.23 81.67 93.15 17.91 88.46 85.57 82.06 54.48 91.58 62.61 44.99 86.79
37.30 10.33 71.97 17.25 66.69 91.84 56.76 26.65 44.07 74.79 95.33 89.25 63.31 71.97 85.27 95.10 24.86 56.27 38.58 92.76 58.91 57.36 35.48 15.97 31.62 59.75 48.11 54.87 54.38 45.40 83.60 92.12 61.53 95.58 63.22 60.92 50.37 59.54 89.32 28.91 21.77 90.03 46.92 58.15 95.86 60.54 26.25 36.82 26.92 91.74 70.91 27.79 19.13 72.25 84.19 55.19 77.70 41.46 64.68 42.49 56.76 35.75 88.22 52.07 71.50 85.31 42.86 66.10 82.32 40.27 61.58 18.21 27.51 89.52 94.87 23.68 23.30 33.59 59.69 11.47 93.04 32.59 40.32 57.49 92.89 51.22 11.83 16.92 63.30 50.19 59.51 57.56 58.42 89.27 71.40 95.54 81.88 15.77 60.62 54.97
46.62 25.31 35.73 71.01 22.87 78.14 94.76 35.09 27.94 44.30 41.63 83.27 94.79 32.01 79.59 36.90 45.63 38.12 27.13 22.49 65.30 94.80 98.84 35.14 81.67 49.48 39.00 55.02 95.67 16.45 60.98 79.01 32.97 50.91 98.04 93.15 37.34 14.92 22.85 95.81 35.29 61.94 97.23 90.54 42.09 72.34 83.75 11.52 94.40 24.23 92.36 66.07 92.26 15.97 51.71 35.68 19.71 45.74 88.81 47.67 79.69 97.63 14.93 33.67 33.12 17.19 59.83 52.40 63.42 31.75 44.73 63.75 15.73 10.27 81.03 18.72 30.74 90.77 70.43 54.61 53.79 21.81 57.16 26.34 61.07 76.35 13.97 30.43 79.58 95.03 54.14 25.98 89.42 11.17 75.23 89.39 89.15 19.17 11.85 75.33
59.47 26.88 66.82 10.59 73.56 21.18 95.76 78.57 15.61 20.72 44.40 94.25 36.92 74.60 40.71 63.32 21.26 18.21 44.88 47.14 68.93 34.85 86.06 38.67 67.18 40.94 85.45 53.03 50.98 38.01 98.95 60.38 24.80 75.18 15.57 97.26 34.84 93.63 61.66 95.98 78.70 22.46 41.74 88.10 34.16 84.11 81.16 25.96 39.23 91.55 31.02 93.45 30.95 58.82 85.45 59.98 94.81 84.58 42.60 13.30 77.70 94.53 66.53 87.40 56.44 42.23 39.13 63.10 47.44 20.01 45.85 70.95 19.35 60.17 57.35 43.48 79.10 46.32 20.05 85.77 19.34 34.10 61.08 80.71 81.07 78.90 71.18 57.75 72.59 59.94 75.36 58.33 34.87 12.65 60.37 54.94 36.79 28.44 23.58 45.47
92.84 19.40 75.24 29.01 42.03 97.20 23.85 91.11 28.28 17.02 27.79 70.00 81.64 14.25 30.22 32.53 98.72 20.78 60.30 86.04 60.28 16.74 50.93 73.92 64.60 94.46 60.31 22.95 21.56 54.60 21.57 11.23 37.02 58.65 95.63 75.88 34.40 56.28 38.00 65.31 35.22 77.31 61.39 15.19 82.68 73.63 83.59 88.86 20.25 20.57 81.65 90.35 17.65 15.54 72.53 45.72 10.79 68.05 65.35 76.92 91.23 74.69 67.85 34.00 18.69 90.98 95.54 85.71 59.65 63.69 44.29 63.61 80.57 68.81 69.09 26.13 70.79 19.21 38.50 87.88 74.66 53.72 25.57 21.87 19.17 81.77 41.31 67.74 47.40 71.19 12.23 98.71 21.13 57.68 92.88 46.64 78.38 17.70 57.81 18.28
62.99 75.21 88.91 43.15 80.94 97.47 85.57 10.34 17.72 94.77 16.57 43.60 41.26 43.10 17.73 19.12 20.28 13.09 56.35 30.12 61.34 72.24 13.51 32.70 43.40 48.93 14.87 20.04 98.28 65.16 39.82 39.52 35.68 61.66 56.53 38.93 61.60 39.98 97.15 88.73 62.06 40.45 36.77 56.75 70.38 27.11 98.76 81.18 97.36 29.61 98.83 98.40 42.61 79.46 54.35 16.71 25.37 40.53 58.46 74.72 46.48 84.72 58.01 86.36 68.68 98.28 27.45 88.21 51.14 14.72 81.23 62.47 19.70 61.07 86.14 64.06 64.14 25.98 34.04 53.07 69.96 65.33 56.72 11.43 37.51 28.10 70.70 87.08 19.79 16.29 19.41 32.38 18.65 38.35 34.94 22.95 97.60 44.68 30.22 29.74
26.13 37.61 31.14 13.66 84.30 29.93 93.66 16.33 85.54 39.50 11.12 53.62 14.27 74.28 72.39 90.31 67.48 62.48 44.73 52.13 33.71 82.82 76.66 68.89 71.40 74.26 40.26 42.00 92.42 29.57 29.72 94.11 65.20 74.77 55.92 72.89 61.62 22.64 46.32 73.64 89.83 74.86 14.29 25.88 82.79 22.93 91.26 54.09 93.36 58.34 31.19 20.67 86.88 89.87 44.21 81.89 92.10 13.63 84.89 82.94 68.49 73.26 10.26 66.07 17.96 24.13 33.82 68.32 16.80 35.65 14.10 75.88 57.42 56.63 19.81 40.37 84.13 16.15 82.16 28.99 11.58 48.18 34.57 28.47 11.37 32.90 69.40 93.66 72.92 17.71 89.29 76.65 63.90 92.53 72.83 17.73 50.24 50.63 25.95 32.34
64.81 94.51 32.05 91.12 22.89 32.33 16.32 81.63 10.63 38.17 89.02 54.29 74.89 98.09 23.60 62.19 97.16 10.04 34.20 97.61 77.51 68.34 75.56 46.01 36.33 38.00 61.51 67.05 50.32 79.11 86.83 61.78 10.55 77.45 71.15 20.64 97.29 67.83 56.57 44.59 94.34 57.80 27.91 66.38 57.51 39.57 45.05 18.93 63.06 63.08 93.83 89.02 62.24 13.70 36.24 10.56 31.88 40.48 33.06 68.72 52.87 27.00 34.45 78.47 52.66 64.42 44.92 69.84 48.44 61.40 24.45 16.20 71.22 26.12 14.57 65.75 23.45 38.69 18.12 89.47 43.80 14.87 13.72 90.81 84.14 94.19 81.49 82.76 98.34 24.31 61.21 14.62 43.01 83.93 25.15 59.01 18.70 48.23 57.10 70.97
76.76 92.74 27.47 88.38 98.18 68.66 27.40 69.27 89.93 86.63 36.18 48.74 36.84 59.75 46.26 67.40 15.28 10.15 82.88 78.61 36.38 95.52 36.13 89.11 98.43 40.21 62.04 12.13 30.25 76.61 56.68 57.15 72.25 26.27 16.01 52.73 84.61 95.14 46.29 96.80 51.48 38.31 26.89 40.71 63.72 92.09 98.14 27.08 47.83 72.11 81.70 10.39 55.47 33.35 25.87 25.52 54.80 34.86 29.53 95.16 80.79 92.28 98.05 14.17 42.62 42.26 70.18 90.90 92.58 21.72 56.86 55.19 19.43 51.41 63.01 58.68 58.42 42.58 36.28 78.65 27.59 29.01 73.05 74.36 31.83 24.24 48.44 75.04 72.53 71.49 28.45 10.70 79.46 84.17 33.18 16.05 39.65 88.05 68.90 59.37
48.13 94.01 46.08 91.33 31.96 63.65 64.72 87.24 59.77 47.18 83.97 75.49 25.40 80.78 62.07 35.09 36.27 52.46 59.37 56.86 39.20 92.31 71.53 85.73 43.51 44.62 63.00 73.75 26.64 17.15 47.64 36.67 35.01 52.87 44.74 83.86 83.59 15.45 87.86 78.16 18.57 42.29 71.09 52.90 24.39 39.43 38.74 42.33 21.84 81.74 13.32 91.92 97.63 55.72 18.45 38.08 52.16 75.49 91.09 28.49 72.23 34.80 36.18 40.10 87.79 10.32 13.41 43.56 56.49 59.31 64.35 97.23 48.67 68.25 64.62 33.08 42.28 14.25 78.69 36.14 42.38 17.65 30.01 68.94 19.66 17.16 91.30 30.70 91.23 79.10 88.46 23.68 18.44 50.36 32.31 42.21 21.03 50.27 11.35 74.68
40.91 13.53 15.01 72.98 98.54 57.26 88.19 35.75 24.26 41.14 31.73 89.05 94.42 32.50 54.22 22.12 19.28 83.25 70.28 13.51 60.15 82.50 88.15 98.64 31.35 55.57 98.25 62.49 21.66 65.89 23.90 34.90 86.49 27.19 53.54 20.31 29.17 22.36 25.80 97.48 14.28 50.27 11.84 74.35 12.24 25.01 21.70 21.16 64.56 40.06 42.44 61.81 68.93 25.75 20.59 74.91 52.21 11.34 31.05 98.76 58.74 32.42 21.14 78.99 58.78 59.67 36.01 68.18 29.56 61.22 48.92 44.92 98.78 58.62 98.94 42.99 67.58 58.44 53.00 12.27 76.20 20.47 61.36 36.14 95.23 52.17 30.30 89.02 12.12 47.90 32.29 32.60 17.22 43.84 53.77 39.58 83.51 76.44 17.84 77.90
43.26 15.75 39.96 12.84 38.60 73.91 32.67 96.58 94.66 85.47 58.12 70.15 79.66 51.34 36.17 49.61 30.38 94.58 21.73 23.68 48.42 58.16 50.72 41.49 26.64 63.70 59.82 59.40 24.61 51.06 89.08 22.52 24.65 84.75 79.78 72.31 20.94 84.11 68.10 96.85 47.29 28.48 70.55 98.44 41.57 49.79 26.96 89.60 72.68 45.84 40.26 92.46 80.73 95.97 19.00 96.04 30.30 19.43 58.91 30.83 89.28 50.96 52.94 93.29 26.39 83.13 53.30 45.75 51.02 46.10 87.22 29.05 54.03 89.68 98.28 44.59 92.26 71.77 70.21 76.08 46.64 27.56 12.12 13.46 56.31 49.28 24.81 42.24 81.78 63.58 34.84 66.77 85.27 32.87 81.69 19.62 69.97 65.79 60.47 32.86
89.49 33.29 88.70 35.86 68.45 10.19 56.37 88.40 75.76 38.08 17.94 88.77 72.58 33.99 37.50 79.90 10.30 98.52 63.96 45.61 60.75 11.70 46.55 88.79 74.29 61.42 34.71 82.57 92.92 49.05 70.61 96.08 42.36 65.82 68.69 32.38 34.83 46.53 76.02 72.42 23.16 65.23 41.47 42.67 27.19 55.45 33.80 48.68 96.08 93.45 19.49 89.16 44.80 96.10 82.11 47.18 82.36 88.72 77.72 27.89 90.80 48.73 90.79 42.19 28.57 28.82 86.06 32.03 97.92 95.22 19.62 55.18 14.86 30.54 12.28 19.23 65.48 30.93 40.62 58.18 88.50 82.95 51.01 54.30 22.62 91.58 55.51 24.68 62.53 33.34 75.73 70.97 40.16 48.85 88.98 38.94 91.97 54.15 54.15 37.78
42.58 39.62 65.33 66.05 77.03 21.94 18.62 70.19 30.13 86.40 19.56 42.83 30.06 33.63 76.60 55.13 51.39 81.09 47.55 70.80 97.86 94.42 59.50 81.88 23.99 55.14 23.11 17.40 36.46 55.12 51.43 61.62 52.89 50.28 25.11 26.60 36.12 76.75 14.36 24.72 17.32 20.95 84.89 15.06 98.86 52.86 61.83 10.92 32.10 22.76 18.62 58.75 80.22 29.06 22.74 84.72 11.90 81.18 68.54 98.06 59.63 22.35 10.22 51.95 95.26 74.22 28.10 42.20 13.28 23.42 86.26 95.51 67.23 46.54 53.94 79.06 78.27 15.41 96.34 55.90 21.93 98.38 21.21 85.89 73.97 14.70 25.13 89.63 81.37 18.70 35.15 71.64 24.44 28.68 81.61 53.24 74.80 87.32 37.55 53.50
48.14 34.44 11.31 78.99 71.70 80.39 62.53 81.18 68.69 83.99 34.61 71.63 45.23 58.49 61.23 32.25 40.16 24.71 28.86 19.04 54.99 45.35 12.24 63.63 88.84 44.73 65.12 47.21 23.60 98.44 94.42 81.27 89.18 35.20 73.16 15.77 15.25 33.40 38.57 56.92 62.67 97.45 91.80 88.03 60.70 98.88 80.73 28.51 31.33 85.91 69.30 46.11 80.39 69.50 73.02 79.03 71.38 87.37 81.12 46.48 24.35 31.06 13.53 85.63 63.55 98.19 67.29 26.63 75.86 17.85 80.13 75.63 23.31 73.47 86.90 44.81 39.01 15.06 54.96 50.92 81.14 30.20 32.02 32.37 58.08 80.43 45.41 67.48 70.40 32.27 84.19 23.62 48.08 65.19 31.15 81.13 76.18 66.20 13.58 48.85
59.08 93.50 12.00 30.91 90.77 90.06 82.75 97.89 83.95 61.66 58.38 29.04 46.17 49.38 98.88 25.02 98.65 71.40 29.70 40.94 36.18 52.66 13.70 35.24 13.70 87.04 94.29 81.32 35.11 40.49 95.88 33.50 88.26 69.69 86.00 36.82 81.36 86.15 85.06 86.61 12.66 56.22 59.58 84.75 37.25 40.56 68.77 13.00 70.44 46.27 19.98 32.55 70.19 68.88 23.37 11.46 56.91 43.61 19.42 95.21 62.34 60.35 85.12 86.47 50.93 53.70 95.98 90.86 35.68 20.38 43.97 88.73 60.56 62.41 65.87 30.81 23.09 87.29 38.69 52.32 91.86 77.19 52.65 98.94 51.71 66.22 21.11 74.87 19.33 87.05 83.34 27.39 71.94 44.84 79.31 86.15 18.69 60.38 87.26 14.57
51.66 47.11 64.11 88.50 19.09 70.75 84.79 48.00 58.64 31.73 66.79 81.28 36.19 52.31 32.30 46.54 23.33 59.05 35.23 46.82 11.32 34.10 44.05 68.88 77.82 43.16 66.62 60.61 73.28 83.71 57.63 20.83 60.06 46.67 49.75 68.40 86.78 75.15 82.65 34.20 84.54 28.06 75.43 56.37 17.36 43.80 73.55 26.97 52.21 35.64 21.44 27.87 44.52 39.15 98.74 78.89 60.61 77.23 74.71 32.27 76.87 21.73 57.69 45.29 58.11 74.18 65.73 33.76 74.25 98.10 83.26 13.13 37.17 52.09 70.04 46.52 36.62 65.06 69.68 28.15 71.41 58.09 29.30 43.84 88.38 90.50 26.62 58.63 98.78 42.14 37.92 15.55 14.84 44.40 71.75 31.96 96.12 62.97 62.19 17.08
47.11 45.82 19.80 98.00 46.84 66.13 68.57 81.51 30.10 11.28 74.82 89.01 86.42 58.45 40.28 92.97 84.11 89.83 43.87 46.33 81.98 48.68 44.35 54.17 21.67 79.59 59.31 12.10 34.56 61.15 19.17 81.10 58.66 87.31 66.35 74.47 65.82 36.45 17.05 73.93 49.37 73.85 91.33 87.16 14.58 89.35 38.43 53.84 27.41 56.78 54.13 30.57 24.34 19.45 60.25 30.26 98.80 80.56 24.79 94.25 29.51 41.37 66.92 20.08 65.28 39.14 36.27 68.19 78.91 81.95 18.65 46.81 50.36 60.33 34.35 43.79 82.00 96.50 87.66 84.35 35.88 92.73 75.96 12.77 20.97 76.74 65.72 82.23 54.54 41.10 10.45 78.82 78.07 49.50 82.09 25.23 78.62 44.35 57.62 51.61
95.87 71.23 97.84 60.38 59.87 20.53 38.14 90.00 70.85 85.20 65.95 58.19 95.54 88.01 44.74 87.56 46.18 35.45 68.79 89.06 29.87 51.59 56.85 59.83 82.96 13.41 60.82 57.90 36.00 60.45 43.39 50.09 91.05 49.11 51.91 52.25 50.49 24.43 76.55 81.87 10.95 71.67 57.10 97.48 49.80 37.70 34.50 25.45 49.76 45.03 56.87 42.12 76.59 95.12 96.31 34.59 42.36 97.58 50.04 76.20 30.88 75.96 30.40 41.41 70.53 53.32 23.93 20.96 64.86 69.88 81.00 13.50 76.71 34.61 71.03 41.36 24.30 63.12 44.76 84.37 88.15 72.59 53.64 60.02 92.99 39.44 95.47 51.70 49.22 25.68 64.72 89.28 81.73 68.71 69.77 66.19 51.53 18.43 84.68 32.44
63.75 78.58 68.52 92.14 76.06 31.14 11.01 57.50 36.55 62.03 13.90 12.98 73.93 43.75 23.80 36.01 86.15 51.03 29.81 79.34 42.76 91.12 73.13 74.02 42.36 15.06 80.92 87.42 91.58 36.90 75.82 71.90 16.03 54.54 40.46 17.99 23.63 27.73 91.09 38.01 26.01 86.37 45.68 56.05 63.31 72.47 31.97 33.55 41.18 80.19 47.19 29.24 28.24 51.06 51.53 35.34 52.91 37.03 89.79 16.36 66.91 78.18 84.38 28.85 48.88 88.68 91.11 74.73 33.99 77.35 50.96 73.38 98.76 74.92 10.23 41.15 89.39 44.23 75.98 28.38 48.35 65.89 89.96 16.27 24.88 41.42 19.66 77.79 65.51 29.49 13.26 61.56 81.13 26.01 91.56 54.98 92.08 21.81 28.80 57.34
56.05 17.34 66.48 21.68 62.16 95.30 14.75 49.29 81.16 59.16 75.00 78.81 41.81 69.46 21.31 16.14 30.55 88.26 24.09 13.83 66.75 30.04 41.18 26.30 65.37 46.04 96.56 31.54 48.63 28.98 95.22 47.84 46.94 83.92 86.70 12.16 96.47 61.90 98.44 97.09 51.51 10.67 52.45 13.80 54.28 50.44 21.36 17.37 41.33 25.52 15.21 95.21 48.79 24.90 76.15 96.75 59.18 41.46 98.61 25.63 78.98 50.80 74.89 47.33 64.40 58.74 65.61 82.51 58.22 98.94 98.65 32.29 17.71 74.04 55.94 73.69 86.23 16.05 76.97 27.06 63.59 28.86 49.67 64.79 45.32 61.45 34.24 15.94 25.41 93.74 52.12 86.45 28.71 82.62 86.27 75.92 36.99 26.86 63.15 30.39
53.75 31.54 67.78 36.32 69.19 23.69 24.75 13.55 86.91 44.59 47.54 40.59 42.13 33.33 10.37 87.37 67.34 36.46 56.07 97.61 91.08 73.69 24.42 37.17 90.12 86.51 32.78 57.88 47.69 21.45 23.96 30.97 46.62 62.83 72.47 83.63 63.01 73.64 26.74 39.01 63.47 55.94 74.38 10.44 40.74 31.76 15.78 18.73 34.77 71.58 27.90 63.84 65.84 14.92 35.84 79.30 80.23 59.88 49.07 83.26 59.53 73.20 13.46 55.57 19.18 68.61 12.56 85.90 15.92 96.01 87.97 20.30 10.29 33.68 34.82 78.12 68.54 63.38 66.99 87.64 22.64 46.68 18.77 34.76 55.12 41.11 10.46 98.75 79.20 25.33 23.63 25.56 65.84 77.37 68.43 81.60 63.12 35.46 48.17 80.48
19.42 59.95 44.97 21.13 32.99 89.93 43.10 84.26 48.10 53.37 71.50 44.07 21.51 26.71 28.99 70.59 54.41 10.15 90.55 96.54 48.35 38.10 92.50 44.28 88.82 28.17 65.23 68.64 24.29 47.12 37.35 59.98 38.48 81.65 15.94 82.05 84.67 35.53 14.02 36.48 53.28 75.14 77.11 74.07 80.34 96.90 83.18 61.58 26.84 64.75 56.76 78.62 54.69 14.74 87.92 81.50 25.29 34.54 10.60 59.04 31.58 28.33 78.81 78.30 44.16 82.80 92.65 60.69 38.58 47.95 85.98 79.45 83.28 93.01 26.77 33.51 16.53 47.64 25.28 44.87 25.28 40.45 81.16 14.34 32.55 54.65 87.34 47.27 78.05 88.50 78.39 51.65 44.47 74.57 17.85 76.32 66.33 13.43 90.96 96.84
37.01 29.63 65.87 41.70 86.87 54.13 79.97 41.73 35.49 30.36 82.88 80.53 71.49 69.31 33.62 91.65 77.57 40.38 30.18 64.31 72.95 93.23 74.05 44.10 38.95 97.01 92.88 19.89 66.92 53.49 48.55 28.74 32.79 86.03 39.54 73.70 34.57 98.05 29.84 28.35 33.59 27.39 98.86 90.03 92.99 97.54 84.61 11.38 85.97 23.00 66.88 78.92 28.72 13.95 87.10 74.64 43.93 91.18 71.52 72.08 70.01 64.62 75.54 62.92 14.32 68.57 94.74 92.49 43.00 18.92 94.15 95.49 94.13 60.55 86.35 96.45 51.14 98.35 76.67 74.62 33.28 52.14 35.95 46.69 56.99 82.40 72.81 22.19 82.92 98.44 69.35 13.22 16.47 72.01 67.48 71.95 24.36 36.88 68.76 95.53
29.24 58.80 37.09 81.91 74.29 70.84 79.81 63.18 79.97 23.94 50.02 23.84 58.72 75.21 24.15 84.45 47.69 89.17 11.73 52.29 70.54 79.96 13.42 98.28 88.14 71.71 31.37 94.61 58.45 25.70 23.00 27.96 24.26 64.32 18.68 63.25 68.20 25.74 45.27 53.03 28.39 33.05 55.70 86.91 49.82 80.09 38.46 94.68 34.36 61.14 26.73 97.80 93.36 18.33 46.31 28.99 49.35 58.63 89.03 61.92 73.99 42.60 35.88 15.41 44.17 91.01 59.30 86.32 64.87 29.86 23.74 39.61 71.65 52.46 18.11 97.11 85.37 84.69 58.44 22.86 30.13 23.73 49.95 66.65 28.87 24.49 10.10 95.60 53.16 40.82 31.88 81.56 82.98 89.70 12.69 35.84 21.38 21.71 82.37 71.02
90.94 73.63 17.09 38.56 82.51 22.00 40.49 81.64 11.49 16.31 49.57 89.20 74.18 52.76 72.51 24.82 85.75 67.53 68.98 56.21 35.81 72.13 20.11 14.16 66.77 10.08 78.12 52.25 92.93 76.69 69.23 65.16 28.24 59.74 88.47 18.96 41.09 80.89 73.91 94.46 82.03 58.00 53.88 71.08 27.42 89.83 52.75 62.88 88.01 61.73 95.03 44.02 49.65 20.77 61.78 75.87 71.81 18.23 47.39 61.12 62.01 57.57 62.83 70.15 97.19 79.46 80.68 66.24 63.24 35.67 91.58 22.71 29.53 20.33 38.12 62.58 92.85 98.81 21.49 77.92 70.13 61.03 16.20 15.35 34.44 18.01 36.66 57.92 19.68 11.07 85.95 16.13 97.09 12.09 93.10 58.74 82.31 82.51 19.35 87.50
31.68 51.43 79.76 57.75 46.92 80.85 11.09 22.54 86.48 96.25 59.31 40.47 84.77 63.17 91.57 80.17 85.70 68.29 66.92 61.58 41.26 22.74 38.62 19.08 15.68 51.07 66.15 62.28 74.72 91.31 48.07 32.19 74.13 57.75 23.88 64.69 14.76 37.48 75.98 43.39 38.25 92.59 21.97 49.75 67.96 79.45 92.45 72.25 30.59 94.93 80.80 57.96 38.65 81.21 25.28 11.25 34.70 21.31 84.67 10.10 76.76 91.42 41.91 40.36 63.03 52.27 31.36 14.10 90.59 95.66 77.10 98.16 59.94 22.64 46.25 45.15 92.55 55.35 76.38 53.37 70.09 96.20 48.06 87.50 74.84 12.56 49.85 69.28 26.84 55.69 76.95 74.50 27.26 64.50 49.69 77.02 42.12 91.58 36.17 21.38
21.84 22.46 31.52 47.92 88.56 91.86 87.55 15.50 28.80 83.06 59.46 20.66 40.94 98.05 97.99 86.93 28.54 31.38 31.49 36.22 64.45 90.09 27.21 41.97 77.01 75.80 41.65 37.25 62.81 39.30 93.00 96.77 82.51 89.90 91.15 77.69 32.10 51.78 78.38 10.53 86.21 56.08 84.23 98.40 79.98 28.28 50.69 13.34 13.16 95.61 18.75 12.43 16.05 27.84 18.36 48.95 17.06 16.52 17.38 95.44 53.86 11.89 36.46 16.04 64.01 65.55 94.48 76.05 78.11 23.09 17.30 93.33 61.58 41.87 96.77 44.78 80.48 14.17 29.28 95.49 54.17 93.18 13.05 64.22 89.30 14.75 67.12 85.38 29.99 75.04 74.29 96.49 66.56 35.92 38.01 62.29 15.53 94.34 14.72 34.93
60.94 34.16 22.03 81.75 59.39 20.99 51.59 71.72 34.17 10.56 91.70 35.20 50.78 74.25 63.93 14.22 15.30 36.40 64.95 82.93 52.35 95.58 82.08 24.04 13.94 16.03 78.07 74.68 87.04 34.18 19.16 86.64 19.82 48.92 67.23 72.52 93.93 84.56 85.12 76.26 65.87 29.94 15.31 48.63 86.24 53.20 81.57 29.88 73.97 70.72 93.78 40.65 84.06 32.29 52.53 11.54 41.23 38.65 75.52 15.68 46.40 69.13 15.94 15.03 58.45 62.58 70.46 64.17 93.04 39.81 65.78 39.08 52.29 11.48 84.22 68.01 21.84 38.72 28.93 21.67 11.41 46.01 26.57 33.93 77.75 59.43 80.77 49.03 61.31 34.54 22.58 35.11 90.16 65.66 29.90 66.76 98.75 12.62 37.54 19.21
83.39 87.44 45.38 87.04 42.48 25.50 24.57 44.41 38.80 88.74 47.44 20.17 18.85 45.39 67.71 85.72 17.90 72.36 31.16 38.21 50.18 78.05 89.58 28.66 75.35 62.34 48.50 75.65 62.09 52.83 30.97 91.42 45.38 82.51 29.74 79.88 25.04 84.51 68.56 83.31 98.03 71.24 71.79 18.38 66.82 61.67 49.76 24.98 45.34 14.58 23.46 86.37 65.18 63.44 37.45 32.79 39.92 41.09 82.78 25.51 22.32 20.02 69.51 97.07 22.17 38.39 71.54 69.12 96.33 23.66 55.43 96.19 77.46 87.21 71.50 91.53 76.37 87.50 88.47 62.79 98.13 84.28 49.76 63.16 54.55 30.14 77.02 40.47 15.19 21.26 88.52 16.58 82.93 41.64 92.11 93.42 17.65 19.33 18.51 38.11
82.13 92.69 43.42 24.58 62.83 69.05 57.69 82.76 36.13 95.96 82.30 34.74 49.58 47.65 21.81 34.84 85.00 25.03 31.24 73.17 41.27 22.62 26.74 51.82 40.25 32.53 89.39 88.40 19.70 52.61 15.22 51.90 53.46 62.18 91.94 98.98 98.50 31.17 50.42 62.90 75.41 19.30 49.94 18.18 64.47 86.38 74.18 18.04 20.18 37.93 67.35 50.66 72.83 63.23 40.48 85.93 12.78 96.48 37.70 54.20 68.15 14.52 16.76 92.83 41.73 11.16 83.97 43.63 91.47 82.14 61.10 33.73 42.83 31.62 70.88 53.67 43.54 74.10 25.16 34.69 64.27 76.77 75.11 51.08 51.77 68.47 83.05 80.23 76.94 98.47 50.07 28.58 65.60 31.63 36.73 20.12 25.79 59.71 42.67 58.41
38.56 51.59 51.80 98.29 17.74 70.06 58.46 37.38 39.06 57.02 93.16 38.05 62.19 60.51 98.48 50.02 14.53 74.52 62.44 46.11 19.59 95.32 43.67 69.69 58.16 41.81 92.38 63.88 13.90 17.17 19.69 30.78 80.31 49.89 25.56 61.94 81.51 33.77 29.55 41.52 11.26 32.04 35.20 34.68 52.89 71.26 47.97 96.43 76.02 28.45 27.46 39.75 81.47 61.14 81.10 24.60 17.33 71.65 71.85 57.99 27.19 38.00 62.44 39.19 83.59 20.38 68.26 53.61 64.37 22.62 10.08 51.63 45.28 60.18 86.93 17.58 22.37 77.95 37.39 19.06 44.88 93.99 39.67 31.56 95.57 75.20 77.46 32.63 44.26 54.19 56.83 31.13 60.26 80.72 63.54 21.66 90.96 51.20 69.91 64.67
92.18 46.55 71.40 85.82 32.33 13.23 37.09 62.86 60.82 42.89 98.68 24.92 43.40 71.70 49.91 98.14 16.65 46.31 15.00 80.81 54.96 17.20 64.58 72.93 24.11 92.70 77.46 25.33 45.05 53.55 65.01 27.95 47.27 80.33 31.79 52.88 98.39 75.82 51.52 79.48 28.35 63.17 97.21 34.71 74.13 12.31 43.64 84.55 29.75 36.87 48.91 93.22 54.58 78.68 27.99 86.76 10.36 55.87 73.23 36.00 16.81 79.57 78.05 50.14 60.83 36.37 73.70 80.39 29.66 78.94 32.04 63.33 16.29 94.78 62.08 90.41 63.01 41.23 55.99 58.17 19.48 86.00 54.65 87.83 17.99 26.91 92.10 30.63 56.07 50.43 96.79 57.37 87.20 22.89 55.82 68.74 64.47 63.98 89.77 60.54